12.1500773	4.46110451
18.9278348	4.78819349
6.92282472	4.86986781
8.45298589	5.76413757
17.8413615	6.36576662
12.6099588	6.47812729
8.61959168	6.61913535
17.1219012	6.66182533
7.39640929	6.76308721
13.3229117	6.77520464
8.05628749	6.85980287
9.35993105	6.87279955
7.5976425	6.88221578
7.51309292	6.94139364
11.9021627	6.98241481
7.60368314	7.10491852
7.7109893	7.13718511
9.11846771	7.26801434
8.38079634	7.30242211
7.96012093	7.30924105
7.84391138	7.31309276
9.39953568	7.44463366
8.47783033	7.44765705
8.15890237	7.46547064
7.632563	7.49787252
8.25577492	7.49806352
8.56715976	7.49989501
8.26695602	7.51993004
9.50076017	7.55782483
7.63651021	7.5830251
7.97660211	7.58621174
7.56582656	7.58873843
7.78109145	7.59328136
7.912053	7.609106
7.50441634	7.67079134
8.87635044	7.67150302
8.79153324	7.67169288
7.83145244	7.67410929
8.33862648	7.68131306
8.28118052	7.69465023
7.98919407	7.71756438
8.15356079	7.72092269
8.41238877	7.7237785
7.63060645	7.73145464
7.71518321	7.74348384
7.87250476	7.74883565
8.78939593	7.75052674
8.43166892	7.76065624
10.1705689	7.76652658
7.25630005	7.76852292
7.56420766	7.77742334
7.77864718	7.79311099
8.87211674	7.80505322
7.32135324	7.82414693
12.1900451	7.8265987
8.51502411	7.87218871
9.94897053	7.89064987
8.62348477	7.8971731
8.22333722	7.92112919
8.05859761	7.93376946
10.4269464	7.94613814
8.41432713	7.94736754
7.72564808	7.95063604
7.48112531	7.9519423
7.64870767	7.9563596
8.62565505	7.96664087
7.50084089	7.98085173
7.60598302	7.98796966
8.41936232	7.990074
7.49027824	7.99244551
7.83335442	8.01398178
7.18149115	8.02067964
8.48764491	8.02071772
7.61540993	8.0337036
7.23070618	8.04248875
6.30617822	8.04474101
8.17992761	8.04556057
9.75759692	8.07656422
8.24368546	8.07736048
8.23788687	8.07921926
7.86514126	8.09272867
9.4014222	8.10740223
7.9147326	8.12409998
7.52912844	8.1300657
8.29618263	8.13434317
7.43443868	8.15829869
8.3159272	8.16664558
6.90485924	8.17178991
10.27743	8.17807748
7.96913232	8.19511162
8.43434056	8.21840322
8.25329314	8.23489292
7.64182052	8.23703024
8.30599494	8.24256565
8.43512159	8.277916
7.87400543	8.28517661
7.55609724	8.29992862
7.11162673	8.30552497
8.22299901	8.3115963
8.4606602	8.31168838
7.84744136	8.32286948
8.20955895	8.33891524
8.32015646	8.35774361
7.23095629	8.35803168
17.4151996	8.3638901
8.80507789	8.36713573
8.68937197	8.385362
7.15270109	8.40917257
8.43183604	8.42241481
7.37283633	8.43211344
7.77000812	8.46276909
7.7218606	8.46867171
8.38505277	8.49639652
6.51503458	8.52704605
8.34563527	8.5452182
8.1542827	8.54855718
7.13854026	8.58460728
7.96970701	8.58826004
7.84595775	8.58971409
7.31368166	8.60957746
14.7513095	8.69018666
10.0834825	8.69189196
7.44047273	8.69284011
10.8077632	8.70380634
11.7240154	8.72693706
8.49796427	8.73323235
7.63516416	8.74105628
11.0264148	8.78339167
8.36478582	8.79829988
7.53875545	8.80382051
13.9859151	8.86702426
7.49679477	8.92451046
9.6276847	8.97358521
17.7028545	8.98954969
9.14201453	9.09327698
9.67304802	9.1206596
8.86415026	9.19190486
13.1858764	9.20233507
9.34601874	9.25951897
10.2697061	9.2690141
6.95685801	9.27424597
9.56647798	9.31284037
7.36443146	9.32104105
13.7056725	9.32888613
11.0915437	9.36712584
12.4763904	9.37757366
12.5333702	9.4222253
5.08490704	9.43472007
8.12032456	9.51810423
10.1722583	9.53147835
5.63282472	9.53163751
12.2820814	9.70340241
17.9202874	9.70385774
16.0696704	9.75778168
11.1011434	9.76745585
12.6852831	9.82943109
13.8378312	9.83096586
11.4301333	9.83761712
13.7090831	9.91483037
9.93504161	10.0562341
6.55483407	10.0909881
10.5243783	10.1142735
12.6078078	10.2259208
12.0765492	10.2870092
10.4773301	10.2901015
14.3603569	10.3334282
7.22017492	10.3829064
9.96442511	10.4009985
16.8535502	10.4434497
10.2063757	10.5983838
11.387989	10.6452728
11.5685646	10.8563097
10.0039017	10.9074029
11.6060903	10.9128325
11.5154274	10.9334235
13.7696918	10.9743962
8.37958798	11.0378318
8.78007657	11.0470649
11.4461966	11.0505755
8.8363561	11.0678241
10.3757418	11.0839153
10.2630713	11.1155953
14.5940152	11.1604135
10.607829	11.1779912
11.7492175	11.1914835
19.5077104	11.2249149
10.888449	11.2358123
11.4226498	11.2768123
8.39475549	11.289593
8.9524099	11.3502768
9.23735231	11.5152227
7.38824954	11.5285082
10.4240775	11.587776
9.01778041	11.6442283
17.1784717	11.6520591
6.4503877	11.6566628
10.1444778	11.6596823
8.90081199	11.6986405
8.9524099	11.6988588
16.2349028	11.7008898
13.944424	11.7313459
11.0778967	11.8043829
8.68620307	11.8147512
9.98018666	12.0783864
8.44036665	12.1519872
10.1233804	12.2088199
8.15361662	12.2223776
12.787022	12.2325804
15.6707358	12.5039571
10.1176454	12.5269037
10.4885146	12.5529471
11.761814	12.6643283
13.1287147	12.7466132
15.3607965	12.8551659
18.0271895	12.8721098
13.5957766	12.8728101
14.4113767	12.8875093
4.84483851	12.89534
10.8694087	12.9067269
10.92763	12.9342755
10.5164657	12.9523471
16.7580078	12.9830409
11.3086339	13.1351993
11.3827366	13.2612479
19.3192904	13.2638747
12.850573	13.3482212
12.7080659	13.3764081
13.956946	13.3914449
12.3967004	13.4662662
13.332878	13.6058629
13.6266539	13.6078137
24.3084236	13.8339187
14.3451638	13.8559284
21.2407344	13.8747277
12.4647289	13.9813023
15.7153858	14.0742799
18.5716948	14.1401592
14.0607557	14.2114226
14.0595006	14.3110305
17.8876275	14.3773963
9.35456799	14.3890032
19.2476313	14.4290738
14.6428915	14.7570467
16.6165177	14.8189423
18.5141602	14.8483418
10.0419442	15.0604359
13.1355359	15.0827777
13.6710372	15.0993077
16.7337697	15.2631896
12.7941479	15.3012292
10.1795144	15.3159585
11.9417513	15.5030006
18.4316417	15.5740185
19.51696	15.5817492
21.5375752	15.7642575
15.288037	16.0240728
17.3204075	16.075382
8.39996066	16.2182227
20.6778208	16.2786222
15.3340756	16.2834516
23.6723594	16.5846945
14.6431961	16.6467811
12.7891639	16.789067
20.3035001	16.8070068
14.2612811	16.9109802
17.3950361	16.9899016
13.1252995	17.2541053
20.8293335	17.4034625
18.2558819	17.5795634
14.2295125	17.5859708
12.3898457	17.6477483
15.7250264	17.7989881
19.5829893	18.0231149
15.054315	18.1039417
14.216102	18.3159085
11.6892665	18.3236847
7.6140481	18.7750851
15.2579782	19.0322448
8.0467493	19.224039
17.8773138	19.2686588
7.5229713	19.2751526
21.5703716	19.2952524
12.4572438	19.4549779
13.997414	19.493304
16.776225	19.5641627
11.0518016	19.7733829
16.0452732	20.4960401
18.9154565	20.6980025
11.0363311	21.2479739
12.6600157	21.3408515
13.0146004	21.3440712
14.66838	21.6421853
13.9604294	21.7375913
20.6929457	21.8029476
13.2645477	21.8889858
22.1021714	21.9671478
17.1710184	22.0903661
11.1404774	22.5924982
9.9920857	22.7845834
13.1831616	24.497453
